Random walk:
5,4,
1,-1,-1,1,1,
1,0,3,4,1,
1,0,2,2,1,
1,1,1,1,1,
(2,left)
5,4,
1,-1,-1,1,1,
1,0,3,4,1,
1,2,2,0,1,
1,1,1,1,1,
(4,down)
5,4,
1,-1,-1,1,1,
1,0,3,0,1,
1,2,2,4,1,
1,1,1,1,1,
(3,right)
5,4,
1,-1,-1,1,1,
1,0,0,3,1,
1,2,2,4,1,
1,1,1,1,1,
(3,left)
5,4,
1,-1,-1,1,1,
1,0,3,0,1,
1,2,2,4,1,
1,1,1,1,1,
(4,up)
5,4,
1,-1,-1,1,1,
1,0,3,4,1,
1,2,2,0,1,
1,1,1,1,1,
(4,down)
5,4,
1,-1,-1,1,1,
1,0,3,0,1,
1,2,2,4,1,
1,1,1,1,1,
(3,right)
5,4,
1,-1,-1,1,1,
1,0,0,3,1,
1,2,2,4,1,
1,1,1,1,1,
(3,left)
5,4,
1,-1,-1,1,1,
1,0,3,0,1,
1,2,2,4,1,
1,1,1,1,1,
(4,up)
5,4,
1,-1,-1,1,1,
1,0,3,4,1,
1,2,2,0,1,
1,1,1,1,1,
(4,down)
5,4,
1,-1,-1,1,1,
1,0,3,0,1,
1,2,2,4,1,
1,1,1,1,1,
(3,right)
5,4,
1,-1,-1,1,1,
1,0,0,3,1,
1,2,2,4,1,
1,1,1,1,1,
(2,up)
5,4,
1,-1,-1,1,1,
1,2,2,3,1,
1,0,0,4,1,
1,1,1,1,1,
(2,down)
5,4,
1,-1,-1,1,1,
1,0,0,3,1,
1,2,2,4,1,
1,1,1,1,1,
(3,left)
5,4,
1,-1,-1,1,1,
1,0,3,0,1,
1,2,2,4,1,
1,1,1,1,1,
(4,up)
5,4,
1,-1,-1,1,1,
1,0,3,4,1,
1,2,2,0,1,
1,1,1,1,1,
(4,down)
5,4,
1,-1,-1,1,1,
1,0,3,0,1,
1,2,2,4,1,
1,1,1,1,1,
(3,left)
5,4,
1,-1,-1,1,1,
1,3,0,0,1,
1,2,2,4,1,
1,1,1,1,1,
(3,right)
5,4,
1,-1,-1,1,1,
1,0,3,0,1,
1,2,2,4,1,
1,1,1,1,1,
(3,right)
5,4,
1,-1,-1,1,1,
1,0,0,3,1,
1,2,2,4,1,
1,1,1,1,1,
(2,up)
5,4,
1,-1,-1,1,1,
1,2,2,3,1,
1,0,0,4,1,
1,1,1,1,1,
(2,up)
5,4,
1,2,2,1,1,
1,0,0,3,1,
1,0,0,4,1,
1,1,1,1,1,
